128 128 128	Sky
128 0 0		Building
192 192 128	Column_Pole
128 64 128	Road
0 0 192		Sidewalk
128 128 0	Tree
0 64 64		TrafficLight
64 64 128	Fence
64 0 128	Car
64 64 0		Pedestrian
0 128 192	Bicyclist
0 0 0		Void
255 192 203
139 71 93
123 104 238
202 225 255
0 206 209
131 139 139	
0 250 154
0 139 69
189 252 201
238 238 0
189 183 107
255 185 15
139 90 0
238 213 183
205 102 0
255 130 71
255 127 80
113 198 113	
0 0 238
105 89 205
61 145 64
245 245 220
238 201 0
218 165 32
227 168 105	
255 125 64
139 76 57
189 189 189
125 125 125
110 110 110
